Ant-v2:
returns [4862.241673873077, 4964.5953420207, 4798.502683543873, 4690.704531926688, 4956.639280290056, 4776.067184625837, 4922.081679733114, 5009.987876199944, 4569.330137329563, 4864.170118909677, 4765.010629730995, 4543.121288992738, 4888.465624642813, 4943.061164972959, 4922.410293463847, 4860.592317204666, 4795.473479618283, 4590.702420151491, 4687.749849728729, 4806.00682577388]
mean return 4810.845720136646
std of return 132.78104615579062

HalfCheetah-v2:
returns [3947.492109150988, 4229.673450607318, 4303.297691416538, 4162.529062611761, 4192.744887058755, 4102.738819262575, 4107.274551755984, 4173.766706525363, 4035.7774119476217, 4160.192928537243, 4199.555543520344, 4152.75347307642, 4096.903302387324, 4181.278419596625, 4136.335018435037, 3988.1108294660507, 4061.8124182041693, 4101.171432353385, 4143.882545528111, 4129.527684886942]
mean return 4130.340914316427
std of return 79.42298677938922

Hopper-v2:
returns [3784.8374092944896, 3777.3264385394064, 3779.612827260518, 3776.4277187869025, 3775.0693125783146, 3787.1366433510416, 3780.626031006617, 3774.68180257197, 3775.7255158418657, 3770.2564950734545, 3785.0778231395666, 3771.984043896144, 3779.844168249685, 3781.433466559373, 3777.659951480322, 3776.9912138719847, 3775.2652187262397, 3783.654926503403, 3776.358853286752, 3779.1506898706707]
mean return 3778.4560274944365
std of return 4.297159652223931

Humanoid-v2:
returns [10470.326457229681, 10315.426859357147, 10455.707947653185, 10457.084641707123, 10366.487536750405, 10359.38272387098, 10510.19369002808, 10398.902557058924, 10414.59473439834, 10421.822221501629, 10545.906611964834, 10402.12154292669, 10445.53550585387, 10443.390550531012, 10455.837382165548, 10317.289598532554, 10315.790475638421, 10391.50154420989, 10488.609127565818, 10453.762630041818]
mean return 10421.483716949297
std of return 62.42961081207094

Reacher-v2:
returns [-3.1907491231282097, -4.402001183910196, -4.347769522786797, -5.484349588848296, -3.937724063775797, -1.5899515673420352, -1.9423340689649506, -1.8217221507622616, -4.323972600309676, -0.9476026569669944, -4.163236067421916, -3.7580788322896197, -2.3327332758114125, -5.893457794928825, -4.060279655640315, -2.83698447148617, -4.914575552506095, -4.6835724999598485, -3.3552599088358956, -2.4611977305613317]
mean return -3.522377615811832
std of return 1.316911971668481

Walker2d-v2:
returns [5534.118661278174, 5515.277097307779, 5365.271831418214, 5570.143039843432, 5527.500450052403, 5539.852725430142, 5570.785941386818, 5580.577568023002, 5553.748086032777, 5538.5931811596365, 5593.1465302913775, 5492.272643132747, 5479.877011393686, 5553.848317254479, 5494.742505807368, 5538.563274398562, 5565.8402496466815, 5500.303959052792, 5605.04024083957, 5584.96171003734]
mean return 5535.22325118935
std of return 51.97314462289373
